86.603 550 611.11 -90 0 -180 
86.5788 549.986 611.126 -90 0 -180 
84.7831 548.956 612.278 -90 0 -180 
79.9863 546.193 615.355 -90 0 180 
74.5341 543.045 618.853 -90 0 180 
69.0834 539.898 622.35 -90 0 180 
63.6327 536.752 625.846 -90 0 180 
58.182 533.605 629.343 -90 0 180 
52.7313 530.458 632.84 -90 0 180 
47.2806 527.311 636.336 -90 0 180 
41.8299 524.164 639.833 -90 0 180 
36.3792 521.017 643.33 -90 0 180 
30.9285 517.871 646.827 -90 0 180 
25.4779 514.724 650.323 -90 0 180 
20.0272 511.577 653.82 -90 0 180 
14.5765 508.43 657.317 -90 0 180 
9.12581 505.283 660.813 -90 0 180 
3.75187 502.179 664.261 -90 0 180 
0.447992 500.26 666.382 -90 0 180 
0 500 666.67 -90 0 180 
0 500 666.67 -90 0 -180 
0 500 666.67 -90 0 -180 
0 500 666.67 -90 0 -180 
