0 700 500 -90 0 -180 
0.006057 699.997 500.004 -90 0 180 
0.601311 699.654 500.386 -90 0 180 
2.68324 698.454 501.722 -90 0 180 
5.40157 696.884 503.465 -90 0 180 
8.12688 695.311 505.214 -90 0 180 
10.8522 693.737 506.962 -90 0 180 
13.5775 692.164 508.711 -90 0 180 
16.3028 690.59 510.459 -90 0 180 
19.0281 689.017 512.207 -90 0 180 
21.7534 687.444 513.956 -90 0 180 
24.4787 685.87 515.704 -90 0 180 
27.2041 684.297 517.453 -90 0 180 
29.9294 682.723 519.201 -90 0 180 
32.6547 681.15 520.949 -90 0 180 
35.38 679.576 522.698 -90 0 180 
38.1053 678.003 524.446 -90 0 180 
40.8306 676.429 526.195 -90 0 180 
43.5559 674.856 527.943 -90 0 180 
46.2812 673.282 529.691 -90 0 180 
49.0065 671.709 531.44 -90 0 180 
51.7319 670.136 533.188 -90 0 180 
54.4572 668.562 534.937 -90 0 180 
57.1825 666.989 536.685 -90 0 180 
59.9078 665.415 538.433 -90 0 180 
62.6331 663.842 540.182 -90 0 180 
65.3584 662.268 541.93 -90 0 180 
68.0837 660.695 543.679 -90 0 180 
70.809 659.121 545.427 -90 0 180 
73.5343 657.548 547.175 -90 0 180 
76.2596 655.974 548.924 -90 0 180 
78.9849 654.401 550.672 -90 0 180 
81.7103 652.828 552.421 -90 0 180 
84.3962 651.277 554.144 -90 0 180 
86.222 650.22 555.315 -90 0 180 
86.6028 650 555.56 -90 0 180 
86.603 650 555.56 -90 0 -180 
86.603 650 555.56 -90 0 -180 
