86.603 650 555.56 -90 0 -180 
86.603 649.92 555.604 -90 0 -180 
86.6034 648.689 556.291 -90 0 -180 
86.6037 645.866 557.861 -90 0 180 
86.6037 642.717 559.61 -90 0 180 
86.6037 639.57 561.358 -90 0 180 
86.6037 636.423 563.107 -90 0 180 
86.6037 633.276 564.855 -90 0 180 
86.6037 630.128 566.603 -90 0 180 
86.6037 626.981 568.351 -90 0 180 
86.6037 623.834 570.099 -90 0 180 
86.6037 620.687 571.847 -90 0 180 
86.6037 617.54 573.596 -90 0 180 
86.6037 614.393 575.344 -90 0 180 
86.6037 611.246 577.092 -90 0 180 
86.6037 608.099 578.84 -90 0 180 
86.6037 604.952 580.588 -90 0 180 
86.6037 601.805 582.336 -90 0 180 
86.6037 598.658 584.085 -90 0 180 
86.6037 595.511 585.833 -90 0 180 
86.6037 592.364 587.581 -90 0 180 
86.6037 589.217 589.329 -90 0 180 
86.6037 586.07 591.077 -90 0 180 
86.6037 582.922 592.825 -90 0 180 
86.6037 579.775 594.574 -90 0 180 
86.6037 576.628 596.322 -90 0 180 
86.6037 573.481 598.07 -90 0 180 
86.6037 570.334 599.818 -90 0 180 
86.6037 567.187 601.566 -90 0 180 
86.6038 564.04 603.314 -90 0 180 
86.6038 560.893 605.063 -90 0 180 
86.6038 557.746 606.811 -90 0 180 
86.6038 554.599 608.559 -90 0 180 
86.6035 551.652 610.195 -90 0 180 
86.603 550.144 611.03 -90 0 180 
86.603 550 611.11 -90 0 180 
86.603 550 611.11 -90 0 -180 
86.603 550 611.11 -90 0 -180 
