0 500 666.67 -90 0 -180 
0 500.002 666.674 -90 0.0032 -180 
0 500.217 667.126 -90 0.32512 -180 
0 501.204 669.191 -90 1.80159 180 
0 503.132 673.233 -90 4.68605 180 
0 505.499 678.223 -90 8.23333 180 
0 507.901 683.29 -90 11.8333 180 
0 510.302 688.356 -90 15.4333 180 
0 512.704 693.423 -90 19.0333 180 
0 515.106 698.49 -90 22.6333 180 
0 517.507 703.558 -90 26.2333 180 
0 519.909 708.625 -90 29.8333 180 
0 522.31 713.692 -90 33.4333 180 
0 524.712 718.76 -90 37.0333 180 
0 527.061 723.726 -90 40.5593 180 
0 528.916 727.683 -90 43.3602 180 
0 529.821 729.62 -90 44.7307 180 
0 529.999 729.997 -90 44.9982 180 
0 530 730 -90 45 -180 
0 530 730 -90 45 -180 
0 530 730 -90 45 -180 
0 530 730 -90 45 -180 
