0.033733 536.549 733.461 -90.0487 44.993 179.961 
0.033706 536.682 733.272 -90.0486 44.9565 179.961 
0.033327 538.53 730.643 -90.0477 44.4493 179.962 
0.032532 542.39 725.135 -90.046 43.3877 179.964 
0.03168 546.519 719.237 -90.0442 42.2509 179.965 
0.030827 550.649 713.339 -90.0425 41.1142 179.967 
0.029975 554.778 707.441 -90.0408 39.9775 179.969 
0.029123 558.907 701.543 -90.0392 38.8408 179.97 
0.028271 563.037 695.645 -90.0376 37.7041 179.972 
0.027418 567.166 689.747 -90.0361 36.5674 179.973 
0.026566 571.295 683.849 -90.0346 35.4307 179.974 
0.025714 575.425 677.951 -90.0332 34.294 179.976 
0.024861 579.554 672.053 -90.0318 33.1573 179.977 
0.024009 583.683 666.155 -90.0304 32.0206 179.978 
0.023157 587.813 660.257 -90.0291 30.8839 179.979 
0.022305 591.942 654.359 -90.0278 29.7472 179.98 
0.021452 596.072 648.461 -90.0265 28.6105 179.981 
0.0206 600.201 642.563 -90.0253 27.4738 179.982 
0.019748 604.33 636.665 -90.0241 26.3371 179.983 
0.018895 608.46 630.767 -90.0229 25.2004 179.984 
0.018043 612.589 624.869 -90.0217 24.0637 179.985 
0.017191 616.719 618.971 -90.0206 22.927 179.986 
0.016339 620.848 613.073 -90.0195 21.7903 179.987 
0.015486 624.977 607.175 -90.0183 20.6536 179.988 
0.014634 629.107 601.277 -90.0173 19.5169 179.989 
0.013782 633.236 595.379 -90.0162 18.3802 179.99 
0.01293 637.366 589.481 -90.0151 17.2435 179.991 
0.012077 641.495 583.583 -90.0141 16.1068 179.991 
0.011225 645.625 577.685 -90.013 14.9701 179.992 
0.010373 649.754 571.787 -90.012 13.8334 179.993 
0.009521 653.884 565.889 -90.011 12.6967 179.994 
0.008668 658.013 559.991 -90.01 11.56 179.994 
0.007816 662.143 554.093 -90.0089 10.4233 179.995 
0.006964 666.272 548.195 -90.008 9.28665 179.995 
0.006112 670.402 542.297 -90.007 8.14995 179.996 
0.005259 674.531 536.399 -90.006 7.01325 179.997 
0.004407 678.661 530.501 -90.005 5.87655 179.997 
0.003555 682.791 524.603 -90.004 4.73985 179.998 
-0.008783 686.91 518.716 -90.0031 3.60504 179.998 
-0.370342 690.725 513.164 -90.0022 2.52778 179.999 
-1.74967 693.658 508.593 -90.0014 1.61783 179.999 
-4.37407 695.516 505.222 -90.0008 0.912423 179.999 
-8.24383 696.299 503.053 -90.0004 0.411628 179.999 
-13.359 696.006 502.084 -90.0001 0.115439 180 
-19.6315 694.713 502.233 -90 0.009491 180 
-26.4882 692.91 502.946 -90 -5e-06 -180 
-33.3448 690.955 503.715 -90 0 180 
-39.9654 688.59 504.485 -90 0 180 
-46.2553 685.653 505.254 -90 0 180 
-52.2118 682.138 506.023 -90 0 180 
-57.8348 678.046 506.792 -90 0 180 
-63.1337 673.392 507.561 -90 0 180 
-68.2308 668.39 508.329 -90 0 180 
-73.2384 663.296 509.097 -90 0 180 
-77.9089 658.007 509.866 -90 0 180 
-82.0198 652.396 510.635 -90 0 180 
-85.5528 646.451 511.404 -90 0 180 
-88.508 640.173 512.174 -90 0 180 
-90.8902 633.564 512.944 -90 0 180 
-92.8525 626.712 513.714 -90 0 180 
-94.6771 619.797 514.482 -90 0 180 
-96.2003 612.881 515.252 -90 0 180 
-97.1073 605.966 516.021 -90 0 180 
-97.347 599.05 516.789 -90 0 180 
-96.9196 592.135 517.558 -90 0 180 
-95.8263 585.22 518.326 -90 0 180 
-94.1782 578.305 519.094 -90 0 180 
-92.3229 571.395 519.862 -90 0 180 
-90.2748 564.591 520.629 -90 0 180 
-87.7359 558.072 521.396 -90 0 180 
-84.6191 551.886 522.163 -90 0 180 
-80.9246 546.034 522.93 -90 0 180 
-76.6526 540.516 523.698 -90 0 180 
-71.8552 535.301 524.466 -90 0 180 
-66.8111 530.229 525.235 -90 0 180 
-61.6784 525.29 526.003 -90 0 180 
-56.2964 520.782 526.77 -90 0 180 
-50.5827 516.85 527.537 -90 0 180 
-44.5358 513.496 528.303 -90 0 180 
-38.1557 510.719 529.07 -90 0 180 
-31.4555 508.496 529.837 -90 0 180 
-24.5679 506.597 530.604 -90 0 180 
-17.6535 504.823 531.371 -90 0 180 
-10.7407 503.467 532.138 -90 0 180 
-3.82804 502.764 532.906 -90 0 180 
3.08458 502.728 533.674 -90 0 180 
9.99718 503.36 534.443 -90 0 180 
16.9099 504.649 535.212 -90 0 180 
23.8239 506.397 535.981 -90 0 180 
30.7193 508.284 536.75 -90 0 180 
37.4492 510.455 537.52 -90 0 180 
43.8651 513.169 538.29 -90 0 180 
49.9479 516.462 539.059 -90 0 180 
55.6975 520.332 539.829 -90 0 180 
61.1148 524.778 540.598 -90 0 180 
66.2658 529.687 541.367 -90 0 180 
71.3176 534.753 542.135 -90 0 180 
76.1584 539.943 542.903 -90 0 180 
80.493 545.425 543.672 -90 0 180 
84.2496 551.241 544.441 -90 0 180 
87.4286 557.391 545.211 -90 0 180 
90.0302 563.875 545.98 -90 0 180 
92.1186 570.655 546.75 -90 0 180 
93.9817 577.562 547.519 -90 0 180 
95.6693 584.477 548.288 -90 0 180 
96.8342 591.392 549.056 -90 0 180 
97.3334 598.307 549.825 -90 0 180 
97.1655 605.223 550.593 -90 0 180 
96.3305 612.138 551.362 -90 0 180 
94.864 619.054 552.131 -90 0 180 
93.0521 625.969 552.9 -90 0 180 
91.1153 632.836 553.668 -90 0 180 
88.792 639.479 554.436 -90 0 180 
85.899 645.793 555.203 -90 0 180 
82.4282 651.774 555.97 -90 0 180 
78.3795 657.422 556.737 -90 0 180 
73.7646 662.742 557.504 -90 0 180 
68.7764 667.847 558.272 -90 0 180 
63.6883 672.866 559.039 -90 0 180 
58.4204 677.573 559.805 -90 0 180 
52.8333 681.727 560.572 -90 0 180 
46.9127 685.304 561.339 -90 0 180 
40.6586 688.303 562.107 -90 0 180 
34.0727 690.727 562.874 -90 0 180 
27.2325 692.711 563.643 -90 0 180 
20.3184 694.545 564.412 -90 0 180 
13.4025 696.105 565.18 -90 0 180 
6.48617 697.064 565.949 -90 0 180 
-0.430144 697.356 566.717 -90 0 180 
-7.34648 696.981 567.485 -90 0 180 
-14.2629 695.94 568.253 -90 0 180 
-21.1788 694.323 569.021 -90 0 180 
-28.0906 692.475 569.789 -90 0 180 
-34.9091 690.454 570.557 -90 0 180 
-41.4551 687.96 571.326 -90 0 180 
-47.6677 684.888 572.095 -90 0 180 
-53.5468 681.24 572.864 -90 0 180 
-59.0923 677.014 573.635 -90 0 180 
-64.3277 672.251 574.405 -90 0 180 
-69.4044 667.215 575.174 -90 0 180 
-74.3646 662.093 575.943 -90 0 180 
-78.9144 656.735 576.713 -90 0 180 
-82.8911 651.047 577.482 -90 0 180 
-86.2901 645.024 578.252 -90 0 180 
-89.1112 638.669 579.021 -90 0 180 
-91.3711 631.989 579.791 -90 0 180 
-93.2832 625.107 580.558 -90 0 180 
-95.0721 618.192 581.326 -90 0 180 
-96.4704 611.276 582.094 -90 0 180 
-97.2224 604.36 582.862 -90 0 180 
-97.3073 597.445 583.631 -90 0 180 
-96.725 590.53 584.4 -90 0 180 
-95.4814 583.615 585.169 -90 0 180 
-93.754 576.7 585.938 -90 0 180 
-91.8765 569.799 586.707 -90 0 180 
-89.7372 563.048 587.474 -90 0 180 
-87.0641 556.606 588.242 -90 0 180 
-83.8132 550.498 589.009 -90 0 180 
-79.9848 544.723 589.776 -90 0 180 
-75.5796 539.282 590.543 -90 0 180 
-70.6944 534.118 591.31 -90 0 180 
-65.6322 529.061 592.078 -90 0 180 
-60.4574 524.194 592.844 -90 0 180 
-54.9998 519.818 593.61 -90 0 180 
-49.2087 516.02 594.376 -90 0 180 
-43.0845 512.799 595.143 -90 0 180 
-36.6272 510.157 595.911 -90 0 180 
-29.8664 508.039 596.679 -90 0 180 
-22.963 506.169 597.447 -90 0 180 
-16.0493 504.457 598.216 -90 0 180 
-9.1367 503.245 598.984 -90 0 180 
-2.22415 502.696 599.753 -90 0 180 
4.6884 502.815 600.522 -90 0 180 
11.601 503.601 601.291 -90 0 180 
18.5138 505.028 602.061 -90 0 180 
25.428 506.828 602.83 -90 0 180 
32.3028 508.749 603.599 -90 0 180 
38.9674 511.033 604.369 -90 0 180 
45.306 513.881 605.139 -90 0 180 
51.3115 517.308 605.908 -90 0 180 
56.9838 521.312 606.678 -90 0 180 
62.3274 525.886 607.448 -90 0 180 
67.4423 530.857 608.216 -90 0 180 
72.4716 535.939 608.984 -90 0 180 
77.2158 541.185 609.753 -90 0 180 
81.416 546.745 610.522 -90 0 180 
85.0386 552.638 611.291 -90 0 180 
88.0836 558.866 612.061 -90 0 180 
90.5526 565.426 612.831 -90 0 180 
92.5593 572.253 613.6 -90 0 180 
94.4007 579.167 614.369 -90 0 180 
95.9974 586.082 615.138 -90 0 180 
97.0095 592.997 615.906 -90 0 180 
97.3539 599.913 616.675 -90 0 180 
97.0313 606.828 617.443 -90 0 180 
96.0416 613.744 618.21 -90 0 180 
94.4598 620.66 618.978 -90 0 180 
92.6196 627.574 619.746 -90 0 180 
90.6227 634.406 620.513 -90 0 180 
88.1722 640.976 621.279 -90 0 180 
85.1451 647.213 622.046 -90 0 180 
81.5402 653.117 622.813 -90 0 180 
77.3574 658.687 623.581 -90 0 180 
72.628 663.941 624.349 -90 0 180 
67.6009 669.024 625.118 -90 0 180 
62.4894 674.001 625.886 -90 0 180 
57.1539 678.591 626.653 -90 0 180 
51.4894 682.61 627.42 -90 0 180 
45.4913 686.052 628.187 -90 0 180 
39.1598 688.917 628.953 -90 0 180 
32.5016 691.217 629.72 -90 0 180 
25.6289 693.144 630.488 -90 0 180 
18.7134 694.946 631.255 -90 0 180 
11.7971 696.388 632.022 -90 0 180 
4.88075 697.192 632.789 -90 0 180 
-2.03558 697.328 633.557 -90 0 180 
-8.95189 696.799 634.326 -90 0 180 
-15.8682 695.605 635.095 -90 0 180 
-22.7837 693.902 635.864 -90 0 180 
-29.6882 692.033 636.633 -90 0 180 
-36.4576 689.926 637.403 -90 0 180 
-42.9265 687.299 638.172 -90 0 180 
-49.0616 684.094 638.942 -90 0 180 
-54.8633 680.312 639.712 -90 0 180 
-60.3318 675.952 640.482 -90 0 180 
-65.5129 671.095 641.251 -90 0 180 
-70.5751 666.039 642.018 -90 0 180 
-75.4687 660.879 642.786 -90 0 180 
-79.8891 655.446 643.555 -90 0 180 
-83.7318 649.68 644.325 -90 0 180 
-86.9966 643.58 645.095 -90 0 180 
-89.6836 637.147 645.865 -90 0 180 
-91.8338 630.404 646.635 -90 0 180 
-93.7118 623.504 647.404 -90 0 180 
-95.4456 616.588 648.173 -90 0 180 
-96.7045 609.672 648.942 -90 0 180 
-97.3016 602.757 649.711 -90 0 180 
-97.2317 595.841 650.48 -90 0 180 
-96.4947 588.926 651.249 -90 0 180 
-95.1101 582.011 652.018 -90 0 180 
-93.3249 575.096 652.787 -90 0 180 
-91.4162 568.212 653.556 -90 0 180 
-89.1687 561.524 654.323 -90 0 180 
-86.3614 555.159 655.09 -90 0 180 
-82.9765 549.128 655.858 -90 0 180 
-79.014 543.431 656.624 -90 0 180 
-74.4788 538.065 657.391 -90 0 180 
-69.5249 532.94 658.158 -90 0 180 
-64.4483 527.903 658.925 -90 0 180 
-59.221 523.127 659.691 -90 0 180 
-53.6859 518.885 660.458 -90 0 180 
-47.8176 515.221 661.224 -90 0 180 
-41.6161 512.135 661.991 -90 0 180 
-35.082 509.625 662.759 -90 0 180 
-28.2704 507.595 663.527 -90 0 180 
-21.3589 505.747 664.296 -90 0 180 
-14.4455 504.119 665.064 -90 0 180 
-7.53291 503.058 665.832 -90 0 180 
-0.620304 502.665 666.6 -90 0 180 
6.29232 502.938 667.368 -90 0 180 
13.205 503.879 668.137 -90 0 180 
20.1183 505.427 668.905 -90 0 180 
27.0319 507.259 669.673 -90 0 180 
33.8754 509.235 670.441 -90 0 180 
40.4684 511.643 671.21 -90 0 180 
46.7297 514.625 671.98 -90 0 180 
52.6579 518.186 672.75 -90 0 180 
58.2528 522.324 673.52 -90 0 180 
63.5279 527.017 674.291 -90 0 180 
68.617 532.033 675.061 -90 0 180 
73.6108 537.135 675.83 -90 0 180 
78.242 542.445 676.6 -90 0 180 
82.3082 548.083 677.37 -90 0 180 
85.7968 554.054 678.14 -90 0 180 
88.7078 560.359 678.909 -90 0 180 
91.049 566.994 679.678 -90 0 180 
92.9929 573.858 680.447 -90 0 180 
94.8073 580.774 681.215 -90 0 180 
96.2925 587.689 681.983 -90 0 180 
97.1493 594.605 682.751 -90 0 180 
97.3389 601.521 683.519 -90 0 180 
96.8615 608.437 684.288 -90 0 180 
95.7188 615.353 685.057 -90 0 180 
94.0428 622.269 685.826 -90 0 180 
92.1807 629.178 686.596 -90 0 180 
90.1049 635.965 687.364 -90 0 180 
87.5221 642.459 688.131 -90 0 180 
84.3609 648.619 688.899 -90 0 180 
80.6218 654.445 689.666 -90 0 180 
76.305 659.938 690.432 -90 0 180 
71.476 665.136 691.2 -90 0 180 
66.4252 670.204 691.969 -90 0 180 
61.2787 675.122 692.736 -90 0 180 
55.8695 679.583 693.501 -90 0 180 
50.1274 683.468 694.267 -90 0 180 
44.0518 686.776 695.032 -90 0 180 
37.6428 689.505 695.799 -90 0 180 
30.9186 691.689 696.565 -90 0 180 
24.0252 693.576 697.335 -90 0.000326 -180 
17.2915 695.189 698.114 -90 0.049899 -180 
11.3914 695.72 698.951 -90 0.326207 -179.999 
6.72024 694.675 699.883 -90 0.935704 -179.999 
3.29494 692.03 700.91 -90 1.88304 -179.999 
1.11553 687.778 702.028 -90 3.16822 -179.999 
0.156484 681.945 703.228 -90 4.78432 -180 
-0.00112 675.054 704.467 -90 6.6182 180 
0 667.952 705.711 -90 8.49539 180 
0 660.854 706.957 -90 10.3723 180 
0 653.758 708.204 -90 12.2492 180 
0 646.664 709.452 -90 14.126 180 
0 639.57 710.701 -90 16.0029 180 
0 632.476 711.95 -90 17.8798 180 
0 625.384 713.2 -90 19.7567 180 
0 618.291 714.449 -90 21.6336 180 
0 611.199 715.699 -90 23.5104 180 
0 604.107 716.95 -90 25.3873 180 
0 597.015 718.2 -90 27.2642 180 
0 589.924 719.45 -90 29.1411 180 
0 582.832 720.701 -90 31.018 180 
0 575.741 721.951 -90 32.8949 180 
0 568.65 723.202 -90 34.7717 180 
0 561.559 724.453 -90 36.6486 180 
0 554.468 725.704 -90 38.5255 180 
0 547.377 726.955 -90 40.4024 180 
0 540.286 728.205 -90 42.2792 180 
0 533.76 729.349 -90 44.006 180 
0 530.403 729.929 -90 44.8934 180 
0 530 730 -90 45 180 
0 530 730 -90 45 -180 
0 530 730 -90 45 -180 
0 530 730 -90 45 -180 
0 530 730 -90 45 -180 
