0 530 730 -90 45 -180 
0 530.034 729.953 -90 44.9909 -180 
0 530.614 729.171 -90 44.8377 -180 
0 532.266 726.939 -90 44.4008 180 
0 534.387 724.068 -90 43.8392 180 
0 536.527 721.173 -90 43.2728 180 
0 538.667 718.278 -90 42.7064 180 
0 540.807 715.383 -90 42.1399 180 
0 542.947 712.488 -90 41.5735 180 
0 545.086 709.593 -90 41.0071 180 
0 547.226 706.698 -90 40.4407 180 
0 549.366 703.803 -90 39.8743 180 
0 551.506 700.908 -90 39.3078 180 
0 553.646 698.013 -90 38.7414 180 
0 555.785 695.118 -90 38.175 180 
0 557.925 692.223 -90 37.6086 180 
0 560.065 689.328 -90 37.0422 180 
0 562.205 686.433 -90 36.4757 180 
0 564.345 683.538 -90 35.9093 180 
0 566.484 680.643 -90 35.3429 180 
0 568.624 677.748 -90 34.7765 180 
0 570.764 674.853 -90 34.2101 180 
0 572.904 671.958 -90 33.6437 180 
0 575.044 669.063 -90 33.0772 180 
0 577.183 666.168 -90 32.5108 180 
0 579.323 663.273 -90 31.9444 180 
0 581.463 660.378 -90 31.378 180 
0 583.603 657.483 -90 30.8116 180 
0 585.743 654.588 -90 30.2451 180 
0 587.882 651.693 -90 29.6787 180 
0 590.022 648.798 -90 29.1123 180 
0 592.162 645.903 -90 28.5459 180 
0 594.302 643.008 -90 27.9795 180 
0 596.442 640.113 -90 27.413 180 
0 598.581 637.218 -90 26.8466 180 
0 600.721 634.323 -90 26.2802 180 
0 602.861 631.428 -90 25.7138 180 
0 605.001 628.533 -90 25.1474 180 
0 607.141 625.638 -90 24.5809 180 
0 609.281 622.743 -90 24.0145 180 
0 611.42 619.848 -90 23.4481 180 
0 613.56 616.953 -90 22.8817 180 
0 615.7 614.058 -90 22.3153 180 
0 617.84 611.163 -90 21.7488 180 
0 619.98 608.268 -90 21.1824 180 
0 622.119 605.373 -90 20.616 180 
0 624.259 602.478 -90 20.0496 180 
0 626.399 599.583 -90 19.4832 180 
0 628.539 596.688 -90 18.9167 180 
0 630.679 593.792 -90 18.3503 180 
0 632.818 590.897 -90 17.7839 180 
0 634.958 588.002 -90 17.2175 180 
0 637.098 585.107 -90 16.6511 180 
0 639.238 582.212 -90 16.0846 180 
0 641.378 579.317 -90 15.5182 180 
0 643.518 576.422 -90 14.9518 180 
0 645.657 573.527 -90 14.3854 180 
0 647.797 570.632 -90 13.819 180 
0 649.937 567.737 -90 13.2525 180 
0 652.077 564.842 -90 12.6861 180 
0 654.217 561.947 -90 12.1197 180 
0 656.356 559.052 -90 11.5533 180 
0 658.496 556.157 -90 10.9869 180 
0 660.636 553.262 -90 10.4204 180 
0 662.776 550.367 -90 9.85402 180 
0 664.916 547.472 -90 9.2876 180 
0 667.056 544.577 -90 8.72118 180 
0 669.195 541.682 -90 8.15476 180 
0 671.335 538.787 -90 7.58834 180 
0 673.475 535.892 -90 7.02192 180 
0 675.615 532.997 -90 6.4555 180 
0 677.755 530.102 -90 5.88908 180 
0 679.895 527.207 -90 5.32266 180 
0 682.034 524.312 -90 4.75624 180 
0 684.174 521.417 -90 4.18982 180 
0 686.314 518.522 -90 3.6234 180 
0 688.454 515.627 -90 3.05698 180 
0 690.594 512.732 -90 2.49056 180 
0 692.734 509.837 -90 1.92414 180 
0 694.873 506.942 -90 1.35772 180 
0 697.011 504.05 -90 0.791794 180 
0 698.919 501.466 -90 0.286549 180 
0 699.872 500.173 -90 0.033895 180 
0 700 500 -90 0 180 
0 700 500 -90 0 -180 
0 700 500 -90 0 -180 
