0 530 730 -90 45 -180 
0 530.034 729.953 -90 44.9909 -180 
0 530.614 729.171 -90 44.8377 -180 
0 532.266 726.939 -90 44.4008 180 
0 534.387 724.068 -90 43.8392 180 
0 536.527 721.173 -90 43.2728 180 
0 538.667 718.278 -90 42.7064 180 
0 540.807 715.383 -90 42.1399 180 
0 542.947 712.488 -90 41.5735 180 
0 545.086 709.593 -90 41.0071 180 
0 547.226 706.698 -90 40.4407 180 
0 549.366 703.803 -90 39.8743 180 
0 551.506 700.908 -90 39.3078 180 
0 553.646 698.013 -90 38.7414 180 
0 555.785 695.118 -90 38.175 180 
0 557.925 692.223 -90 37.6086 180 
0 560.065 689.328 -90 37.0422 180 
0 562.205 686.433 -90 36.4757 180 
0 564.345 683.538 -90 35.9093 180 
0 566.484 680.643 -90 35.3429 180 
0 568.624 677.748 -90 34.7765 180 
0 570.764 674.853 -90 34.2101 180 
0 572.904 671.958 -90 33.6437 180 
0 575.044 669.063 -90 33.0772 180 
0 577.183 666.168 -90 32.5108 180 
0 579.323 663.273 -90 31.9444 180 
0 581.463 660.378 -90 31.378 180 
0 583.603 657.483 -90 30.8116 180 
0 585.743 654.588 -90 30.2451 180 
0 587.882 651.693 -90 29.6787 180 
0 590.022 648.798 -90 29.1123 180 
0 592.162 645.903 -90 28.5459 180 
0 594.302 643.008 -90 27.9795 180 
0 596.442 640.113 -90 27.413 180 
0 598.581 637.218 -90 26.8466 180 
0 600.721 634.323 -90 26.2802 180 
0 602.861 631.428 -90 25.7138 180 
0 605.001 628.533 -90 25.1474 180 
0 607.141 625.638 -90 24.5809 180 
0 609.281 622.743 -90 24.0145 180 
0 611.42 619.848 -90 23.4481 180 
0 613.56 616.953 -90 22.8817 180 
0 615.7 614.058 -90 22.3153 180 
0 617.84 611.163 -90 21.7488 180 
0 619.98 608.268 -90 21.1824 180 
0 622.119 605.373 -90 20.616 180 
0 624.259 602.478 -90 20.0496 180 
0 626.399 599.583 -90 19.4832 180 
0 628.539 596.688 -90 18.9167 180 
0 630.679 593.792 -90 18.3503 180 
0 632.818 590.897 -90 17.7839 180 
0 634.958 588.002 -90 17.2175 180 
0 637.098 585.107 -90 16.6511 180 
0 639.238 582.212 -90 16.0846 180 
0 641.378 579.317 -90 15.5182 180 
0 643.518 576.422 -90 14.9518 180 
0 645.657 573.527 -90 14.3854 180 
0 647.797 570.632 -90 13.819 180 
0 649.937 567.737 -90 13.2525 180 
0 652.077 564.842 -90 12.6861 180 
0 654.217 561.947 -90 12.1197 180 
0 656.356 559.052 -90 11.5533 180 
0 658.496 556.157 -90 10.9869 180 
0 660.636 553.262 -90 10.4204 180 
0 662.776 550.367 -90 9.85402 180 
0 664.916 547.472 -90 9.2876 180 
0 667.056 544.577 -90 8.72118 180 
0 669.195 541.682 -90 8.15476 180 
0 671.335 538.787 -90 7.58834 180 
0 673.475 535.892 -90 7.02192 180 
0 675.615 532.997 -90 6.4555 180 
0 677.755 530.102 -90 5.88908 180 
0 679.895 527.207 -90 5.32266 180 
0 682.034 524.312 -90 4.75624 180 
0 684.174 521.417 -90 4.18982 180 
-1.3e-05 686.314 518.522 -90 3.62341 -180 
-0.030419 688.427 515.656 -90 3.06198 180 
-0.244456 690.376 512.964 -90 2.53065 180 
-0.76041 692.058 510.557 -90 2.04878 180 
-1.58759 693.464 508.447 -90 1.61788 180 
-2.72599 694.594 506.631 -90 1.23797 180 
-4.17561 695.448 505.111 -90 0.909028 180 
-5.93645 696.026 503.886 -90 0.631067 180 
-8.00851 696.328 502.956 -90 0.404084 180 
-10.3918 696.354 502.321 -90 0.22808 180 
-13.0863 696.105 501.982 -90 0.103052 180 
-16.092 695.58 501.938 -90 0.029003 180 
-19.3874 694.797 502.168 -90 0.002411 180 
-22.8301 693.884 502.539 -90 -2e-06 -180 
-26.2875 692.957 502.923 -90 0 180 
-29.7436 692.029 503.308 -90 0 180 
-33.1725 691.052 503.692 -90 0 180 
-36.5304 689.953 504.077 -90 0 180 
-39.8048 688.709 504.461 -90 0 180 
-42.9958 687.321 504.845 -90 0 180 
-46.1035 685.788 505.23 -90 0 180 
-49.1278 684.112 505.614 -90 0 180 
-52.0688 682.29 505.998 -90 0 180 
-54.9264 680.324 506.383 -90 0 180 
-57.7006 678.214 506.767 -90 0 180 
-60.3915 675.96 507.151 -90 0 180 
-62.9997 673.562 507.535 -90 0 180 
-65.5469 671.059 507.919 -90 0 180 
-68.0782 668.528 508.302 -90 0 180 
-70.6093 665.997 508.686 -90 0 180 
-73.1228 663.456 509.07 -90 0 180 
-75.5448 660.862 509.454 -90 0 180 
-77.8252 658.186 509.838 -90 0 180 
-79.9612 655.427 510.222 -90 0 180 
-81.9528 652.584 510.606 -90 0 180 
-83.7999 649.658 510.99 -90 0 180 
-85.5026 646.649 511.375 -90 0 180 
-87.0609 643.556 511.759 -90 0 180 
-88.4747 640.38 512.144 -90 0 180 
-89.744 637.121 512.528 -90 0 180 
-90.869 633.778 512.913 -90 0 180 
-91.8623 630.359 513.297 -90 0 180 
-92.7937 626.905 513.682 -90 0 180 
-93.7201 623.447 514.066 -90 0 180 
-94.6426 619.99 514.451 -90 0 180 
-95.5034 616.532 514.835 -90 0 180 
-96.2172 613.075 515.219 -90 0 180 
-96.7641 609.617 515.604 -90 0 180 
-97.1443 606.159 515.988 -90 0 180 
-97.3577 602.702 516.372 -90 0 180 
-97.4044 599.244 516.757 -90 0 180 
-97.2843 595.787 517.141 -90 0 180 
-96.9974 592.329 517.525 -90 0 180 
-96.5438 588.872 517.909 -90 0 180 
-95.9234 585.414 518.293 -90 0 180 
-95.1385 581.957 518.677 -90 0 180 
-94.2386 578.499 519.061 -90 0 180 
-93.312 575.042 519.444 -90 0 180 
-92.3855 571.584 519.828 -90 0 180 
-91.4373 568.139 520.212 -90 0 180 
-90.3913 564.751 520.596 -90 0 180 
-89.2028 561.444 520.979 -90 0 180 
-87.8699 558.221 521.363 -90 0 180 
-86.3925 555.082 521.747 -90 0 180 
-84.7708 552.026 522.131 -90 0 180 
-83.0046 549.053 522.515 -90 0 180 
-81.094 546.164 522.899 -90 0 180 
-79.039 543.358 523.283 -90 0 180 
-76.8396 540.636 523.668 -90 0 180 
-74.4958 537.997 524.052 -90 0 180 
-72.0236 535.432 524.436 -90 0 180 
-69.496 532.899 524.821 -90 0 180 
-66.9648 530.368 525.205 -90 0 180 
-64.4309 527.841 525.59 -90 0 180 
-61.8626 525.375 525.974 -90 0 180 
-59.2188 523.039 526.358 -90 0 180 
-56.4916 520.848 526.742 -90 0 180 
-53.681 518.801 527.126 -90 0 180 
-50.7871 516.899 527.51 -90 0 180 
-47.8099 515.141 527.894 -90 0 180 
-44.7493 513.527 528.278 -90 0 180 
-41.6053 512.058 528.662 -90 0 180 
-38.378 510.733 529.046 -90 0 180 
-35.0673 509.552 529.43 -90 0 180 
-31.6749 508.514 529.813 -90 0 180 
-28.2283 507.568 530.197 -90 0 180 
-24.7708 506.642 530.581 -90 0 180 
-21.3133 505.716 530.964 -90 0 180 
-17.856 504.819 531.348 -90 0 180 
-14.3988 504.042 531.732 -90 0 180 
-10.9416 503.431 532.116 -90 0 180 
-7.48443 502.987 532.5 -90 0 180 
-4.02726 502.709 532.884 -90 0 180 
-0.570106 502.598 533.268 -90 0 180 
2.88705 502.654 533.652 -90 0 180 
6.34419 502.877 534.036 -90 0 180 
9.80133 503.266 534.42 -90 0 180 
13.2585 503.822 534.805 -90 0 180 
16.7156 504.545 535.189 -90 0 180 
20.1728 505.412 535.574 -90 0 180 
23.6302 506.336 535.958 -90 0 180 
27.0876 507.263 536.343 -90 0 180 
30.5412 508.196 536.727 -90 0 180 
33.9566 509.195 537.112 -90 0 180 
37.2948 510.328 537.496 -90 0 180 
40.5496 511.605 537.881 -90 0 180 
43.721 513.026 538.265 -90 0 180 
46.8091 514.592 538.649 -90 0 180 
49.8139 516.303 539.034 -90 0 180 
52.7353 518.158 539.418 -90 0 180 
55.5734 520.157 539.802 -90 0 180 
58.3281 522.3 540.186 -90 0 180 
60.9995 524.588 540.57 -90 0 180 
63.5899 527.017 540.954 -90 0 180 
66.1298 529.533 541.338 -90 0 180 
68.661 532.064 541.722 -90 0 180 
71.1917 534.595 542.106 -90 0 180 
73.6916 537.144 542.49 -90 0 180 
76.0825 539.756 542.874 -90 0 180 
78.3296 542.451 543.258 -90 0 180 
80.4322 545.229 543.642 -90 0 180 
82.3905 548.091 544.026 -90 0 180 
84.2043 551.036 544.41 -90 0 180 
85.8737 554.065 544.795 -90 0 180 
87.3987 557.177 545.179 -90 0 180 
88.7792 560.372 545.563 -90 0 180 
90.0153 563.651 545.948 -90 0 180 
91.1072 567.013 546.332 -90 0 180 
92.0787 570.445 546.717 -90 0 180 
93.0065 573.901 547.101 -90 0 180 
93.9329 577.359 547.486 -90 0 180 
94.8493 580.816 547.87 -90 0 180 
95.6822 584.274 548.255 -90 0 180 
96.3576 587.731 548.639 -90 0 180 
96.8663 591.189 549.024 -90 0 180 
97.2081 594.646 549.408 -90 0 180 
97.3833 598.104 549.792 -90 0 180 
97.3916 601.561 550.177 -90 0 180 
97.2332 605.019 550.561 -90 0 180 
96.9081 608.476 550.946 -90 0 180 
96.4162 611.934 551.33 -90 0 180 
95.7576 615.391 551.715 -90 0 180 
94.9387 618.849 552.099 -90 0 180 
94.0259 622.307 552.483 -90 0 180 
93.0995 625.764 552.868 -90 0 180 
92.1722 629.221 553.253 -90 0 180 
91.2089 632.657 553.637 -90 0 180 
90.1314 636.027 554.021 -90 0 180 
88.9097 639.314 554.405 -90 0 180 
87.5435 642.518 554.789 -90 0 180 
86.033 645.638 555.173 -90 0 180 
84.3779 648.675 555.557 -90 0 180 
82.5785 651.628 555.941 -90 0 180 
80.6346 654.498 556.325 -90 0 180 
78.5462 657.285 556.709 -90 0 180 
76.3135 659.988 557.093 -90 0 180 
73.9366 662.608 557.477 -90 0 180 
71.4441 665.162 557.86 -90 0 180 
68.9137 667.693 558.244 -90 0 180 
66.3825 670.224 558.628 -90 0 180 
63.8448 672.744 559.012 -90 0 180 
61.2614 675.185 559.396 -90 0 180 
58.598 677.487 559.779 -90 0 180 
55.8513 679.644 560.163 -90 0 180 
53.0212 681.658 560.547 -90 0 180 
50.1077 683.527 560.931 -90 0 180 
47.1109 685.251 561.315 -90 0 180 
44.0307 686.832 561.699 -90 0 180 
40.8672 688.267 562.083 -90 0 180 
37.6203 689.559 562.467 -90 0 180 
34.29 690.706 562.851 -90 0 180 
30.8809 691.716 563.236 -90 0 180 
27.4287 692.652 563.62 -90 0 180 
23.9712 693.578 564.005 -90 0 180 
20.5138 694.503 564.389 -90 0 180 
17.0563 695.38 564.774 -90 0 180 
13.5987 696.119 565.158 -90 0 180 
10.1411 696.692 565.542 -90 0 180 
6.68353 697.097 565.926 -90 0 180 
3.22592 697.336 566.311 -90 0 180 
-0.231701 697.409 566.695 -90 0 180 
-3.68932 697.314 567.079 -90 0 180 
-7.14695 697.053 567.463 -90 0 180 
-10.6046 696.625 567.847 -90 0 180 
-14.0622 696.03 568.231 -90 0 180 
-17.5199 695.269 568.615 -90 0 180 
-20.9774 694.38 568.999 -90 0 180 
-24.4349 693.454 569.382 -90 0 180 
-27.8924 692.527 569.766 -90 0 180 
-31.3416 691.586 570.15 -90 0 180 
-34.7417 690.56 570.534 -90 0 180 
-38.0608 689.394 570.918 -90 0 180 
-41.2965 688.083 571.302 -90 0 180 
-44.4489 686.628 571.686 -90 0 180 
-47.5179 685.028 572.07 -90 0 180 
-50.5035 683.284 572.455 -90 0 180 
-53.4058 681.396 572.839 -90 0 180 
-56.2247 679.363 573.223 -90 0 180 
-58.9602 677.186 573.608 -90 0 180 
-61.6123 674.864 573.992 -90 0 180 
-64.1869 672.408 574.377 -90 0 180 
-66.7219 669.884 574.762 -90 0 180 
-69.2531 667.353 575.146 -90 0 180 
-71.7819 664.821 575.531 -90 0 180 
-74.2632 662.261 575.915 -90 0 180 
-76.6211 659.63 576.3 -90 0 180 
-78.8345 656.916 576.684 -90 0 180 
-80.9034 654.118 577.068 -90 0 180 
-82.828 651.237 577.453 -90 0 180 
-84.6081 648.272 577.837 -90 0 180 
-86.2437 645.224 578.221 -90 0 180 
-87.7349 642.093 578.606 -90 0 180 
-89.0817 638.878 578.99 -90 0 180 
-90.2841 635.58 579.374 -90 0 180 
-91.3432 632.199 579.758 -90 0 180 
-92.2972 628.757 580.142 -90 0 180 
-93.2237 625.3 580.526 -90 0 180 
-94.15 621.842 580.909 -90 0 180 
-95.0558 618.385 581.293 -90 0 180 
-95.8555 614.927 581.677 -90 0 180 
-96.4918 611.469 582.061 -90 0 180 
-96.9613 608.012 582.445 -90 0 180 
-97.2641 604.554 582.829 -90 0 180 
-97.4001 601.097 583.213 -90 0 180 
-97.3693 597.639 583.597 -90 0 180 
-97.1718 594.182 583.982 -90 0 180 
-96.8076 590.724 584.366 -90 0 180 
-96.2766 587.267 584.75 -90 0 180 
-95.5788 583.809 585.135 -90 0 180 
-94.7292 580.352 585.519 -90 0 180 
-93.8084 576.894 585.904 -90 0 180 
-92.882 573.437 586.288 -90 0 180 
-91.9522 569.981 586.672 -90 0 180 
-90.9687 566.557 587.057 -90 0 180 
-89.8577 563.206 587.441 -90 0 180 
-88.6022 559.938 587.825 -90 0 180 
-87.2023 556.754 588.209 -90 0 180 
-85.6579 553.653 588.594 -90 0 180 
-83.9691 550.636 588.977 -90 0 180 
-82.1359 547.702 589.361 -90 0 180 
-80.1583 544.851 589.745 -90 0 180 
-78.0362 542.084 590.129 -90 0 180 
-75.7698 539.4 590.513 -90 0 180 
-73.3608 536.799 590.897 -90 0 180 
-70.8524 534.255 591.28 -90 0 180 
-68.3211 531.724 591.664 -90 0 180 
-65.7898 529.193 592.048 -90 0 180 
-63.246 526.684 592.432 -90 0 180 
-60.6457 524.273 592.815 -90 0 180 
-57.9631 522.004 593.199 -90 0 180 
-55.1972 519.88 593.583 -90 0 180 
-52.3479 517.9 593.967 -90 0 180 
-49.4153 516.065 594.35 -90 0 180 
-46.3994 514.374 594.734 -90 0 180 
-43.3001 512.827 595.118 -90 0 180 
-40.1174 511.425 595.503 -90 0 180 
-36.8515 510.167 595.887 -90 0 180 
-33.5022 509.054 596.271 -90 0 180 
-30.0788 508.068 596.655 -90 0 180 
-26.6234 507.138 597.04 -90 0 180 
-23.166 506.212 597.424 -90 0 180 
-19.7087 505.291 597.809 -90 0 180 
-16.2515 504.439 598.193 -90 0 180 
-12.7943 503.738 598.577 -90 0 180 
-9.33722 503.204 598.962 -90 0 180 
-5.8801 502.837 599.346 -90 0 180 
-2.42298 502.637 599.731 -90 0 180 
1.03414 502.603 600.115 -90 0 180 
4.49126 502.737 600.5 -90 0 180 
7.94838 503.037 600.884 -90 0 180 
11.4055 503.504 601.268 -90 0 180 
14.8626 504.137 601.653 -90 0 180 
18.3198 504.934 602.038 -90 0 180 
21.7771 505.839 602.422 -90 0 180 
25.2345 506.766 602.807 -90 0 180 
28.6917 507.693 603.191 -90 0 180 
32.1338 508.646 603.576 -90 0 180 
35.516 509.702 603.96 -90 0 180 
38.8154 510.902 604.345 -90 0 180 
42.0315 512.246 604.729 -90 0 180 
45.1643 513.735 605.113 -90 0 180 
48.2137 515.368 605.498 -90 0 180 
51.1798 517.145 605.882 -90 0 180 
54.0626 519.067 606.266 -90 0 180 
56.862 521.133 606.651 -90 0 180 
59.578 523.344 607.035 -90 0 180 
62.2108 525.699 607.419 -90 0 180 
64.7717 528.178 607.803 -90 0 180 
67.3043 530.707 608.187 -90 0 180 
69.8355 533.238 608.57 -90 0 180 
72.3601 535.773 608.954 -90 0 180 
74.8186 538.346 609.338 -90 0 180 
77.1431 540.996 609.722 -90 0 180 
79.3232 543.73 610.106 -90 0 180 
81.3588 546.547 610.49 -90 0 180 
83.2501 549.447 610.875 -90 0 180 
84.9969 552.431 611.259 -90 0 180 
86.5992 555.499 611.643 -90 0 180 
88.0572 558.649 612.028 -90 0 180 
89.3707 561.883 612.412 -90 0 180 
90.5398 565.201 612.797 -90 0 180 
91.5686 568.599 613.181 -90 0 180 
92.51 572.048 613.566 -90 0 180 
93.4363 575.506 613.95 -90 0 180 
94.3622 578.963 614.335 -90 0 180 
95.2523 582.421 614.719 -90 0 180 
96.0164 585.878 615.104 -90 0 180 
96.6144 589.336 615.488 -90 0 180 
97.0456 592.793 615.872 -90 0 180 
97.3101 596.251 616.256 -90 0 180 
97.4079 599.708 616.64 -90 0 180 
97.3389 603.166 617.025 -90 0 180 
97.1031 606.624 617.409 -90 0 180 
96.7006 610.081 617.792 -90 0 180 
96.1313 613.539 618.176 -90 0 180 
95.3955 616.996 618.56 -90 0 180 
94.5208 620.454 618.944 -90 0 180 
93.596 623.912 619.328 -90 0 180 
92.6695 627.369 619.712 -90 0 180 
91.7344 630.822 620.096 -90 0 180 
90.7266 634.232 620.479 -90 0 180 
89.5822 637.564 620.863 -90 0 180 
88.2935 640.812 621.247 -90 0 180 
86.8603 643.977 621.63 -90 0 180 
85.2826 647.059 622.014 -90 0 180 
83.5606 650.057 622.398 -90 0 180 
81.6941 652.972 622.782 -90 0 180 
79.6831 655.803 623.167 -90 0 180 
77.5278 658.551 623.551 -90 0 180 
75.228 661.215 623.935 -90 0 180 
72.7895 663.8 624.319 -90 0 180 
70.27 666.338 624.704 -90 0 180 
67.7389 668.869 625.088 -90 0 180 
65.2072 671.399 625.473 -90 0 180 
62.6545 673.892 625.857 -90 0 180 
60.0357 676.272 626.241 -90 0 180 
57.3337 678.507 626.625 -90 0 180 
54.5483 680.597 627.01 -90 0 180 
51.6795 682.544 627.394 -90 0 180 
48.7274 684.346 627.778 -90 0 180 
45.6919 686.003 628.161 -90 0 180 
42.573 687.516 628.545 -90 0 180 
39.3707 688.885 628.929 -90 0 180 
36.0851 690.109 629.313 -90 0 180 
32.7163 691.19 629.697 -90 0 180 
29.2809 692.155 630.08 -90 0 180 
25.8239 693.082 630.464 -90 0 180 
22.3664 694.009 630.848 -90 0 180 
18.9089 694.922 631.232 -90 0 180 
15.4513 695.744 631.615 -90 0 180 
11.9936 696.406 631.999 -90 0 180 
8.53598 696.901 632.383 -90 0 180 
5.07835 697.229 632.767 -90 0 180 
1.62072 697.391 633.151 -90 0 180 
-1.83689 697.385 633.535 -90 0 180 
-5.29451 697.213 633.919 -90 0 180 
-8.75211 696.875 634.304 -90 0 180 
-12.2097 696.369 634.688 -90 0 180 
-15.6673 695.697 635.072 -90 0 180 
-19.1249 694.867 635.457 -90 0 180 
-22.5823 693.95 635.841 -90 0 180 
-26.0397 693.024 636.226 -90 0 180 
-29.4962 692.096 636.61 -90 0 180 
-32.9287 691.126 636.995 -90 0 180 
-36.2924 690.037 637.379 -90 0 180 
-39.5728 688.803 637.764 -90 0 180 
-42.7699 687.426 638.148 -90 0 180 
-45.8835 685.903 638.533 -90 0 180 
-48.9138 684.237 638.917 -90 0 180 
-51.8608 682.426 639.301 -90 0 180 
-54.7243 680.471 639.685 -90 0 180 
-57.5046 678.371 640.07 -90 0 180 
-60.2014 676.127 640.454 -90 0 180 
-62.8153 673.739 640.838 -90 0 180 
-65.3654 671.241 641.222 -90 0 180 
-67.8968 668.71 641.606 -90 0 180 
-70.428 666.179 641.989 -90 0 180 
-72.9448 663.64 642.373 -90 0 180 
-75.3758 661.051 642.757 -90 0 180 
-77.6666 658.381 643.141 -90 0 180 
-79.813 655.628 643.525 -90 0 180 
-81.8149 652.791 643.909 -90 0 180 
-83.6724 649.871 644.294 -90 0 180 
-85.3854 646.868 644.678 -90 0 180 
-86.954 643.781 645.062 -90 0 180 
-88.3782 640.611 645.447 -90 0 180 
-89.6579 637.358 645.831 -90 0 180 
-90.7932 634.021 646.216 -90 0 180 
-91.7943 630.607 646.601 -90 0 180 
-92.7273 627.153 646.985 -90 0 180 
-93.6537 623.695 647.369 -90 0 180 
-94.5774 620.238 647.754 -90 0 180 
-95.4458 616.78 648.138 -90 0 180 
-96.1716 613.323 648.523 -90 0 180 
-96.7305 609.865 648.907 -90 0 180 
-97.1226 606.408 649.292 -90 0 180 
-97.348 602.95 649.676 -90 0 180 
-97.4066 599.493 650.061 -90 0 180 
-97.2985 596.035 650.445 -90 0 180 
-97.0236 592.578 650.83 -90 0 180 
-96.5819 589.12 651.214 -90 0 180 
-95.9735 585.663 651.599 -90 0 180 
-95.1998 582.205 651.983 -90 0 180 
-94.3049 578.748 652.368 -90 0 180 
-93.3786 575.29 652.752 -90 0 180 
-92.4521 571.833 653.137 -90 0 180 
-91.5077 568.386 653.521 -90 0 180 
-90.4712 564.992 653.905 -90 0 180 
-89.2931 561.679 654.289 -90 0 180 
-87.9706 558.45 654.674 -90 0 180 
-86.5036 555.305 655.058 -90 0 180 
-84.8923 552.243 655.442 -90 0 180 
-83.1365 549.264 655.826 -90 0 180 
-81.2362 546.369 656.21 -90 0 180 
-79.1916 543.557 656.594 -90 0 180 
-77.0025 540.828 656.977 -90 0 180 
-74.669 538.183 657.361 -90 0 180 
-72.2041 535.614 657.745 -90 0 180 
-69.6778 533.08 658.128 -90 0 180 
-67.1466 530.549 658.512 -90 0 180 
-64.6134 528.022 658.896 -90 0 180 
-62.0491 525.548 659.28 -90 0 180 
-59.4113 523.202 659.663 -90 0 180 
-56.69 521 660.047 -90 0 180 
-53.8854 518.943 660.431 -90 0 180 
-50.9975 517.03 660.815 -90 0 180 
-48.0262 515.262 661.198 -90 0 180 
-44.9716 513.638 661.582 -90 0 180 
-41.8337 512.158 661.967 -90 0 180 
-38.6123 510.823 662.351 -90 0 180 
-35.3077 509.632 662.735 -90 0 180 
-31.9208 508.584 663.119 -90 0 180 
-28.4766 507.635 663.504 -90 0 180 
-25.0192 506.708 663.888 -90 0 180 
-21.5618 505.782 664.272 -90 0 180 
-18.1045 504.881 664.657 -90 0 180 
-14.6473 504.093 665.041 -90 0 180 
-11.1902 503.47 665.425 -90 0 180 
-7.73304 503.013 665.81 -90 0 180 
-4.2759 502.723 666.194 -90 0 180 
-0.818747 502.601 666.578 -90 0 180 
2.63841 502.644 666.962 -90 0 180 
6.09557 502.855 667.346 -90 0 180 
9.55274 503.233 667.73 -90 0 180 
13.0099 503.777 668.114 -90 0 180 
16.4671 504.488 668.498 -90 0 180 
19.9244 505.347 668.882 -90 0 180 
23.3818 506.27 669.266 -90 0 180 
26.8393 507.196 669.65 -90 0 180 
30.294 508.128 670.034 -90 0 180 
33.7138 509.119 670.417 -90 0 180 
37.058 510.241 670.801 -90 0 180 
40.3188 511.508 671.186 -90 0 180 
43.4963 512.92 671.57 -90 0 180 
46.5904 514.475 671.954 -90 0 180 
49.6011 516.175 672.338 -90 0 180 
52.5285 518.02 672.723 -90 0 180 
55.3725 520.008 673.107 -90 0 180 
58.1332 522.142 673.492 -90 0 180 
60.8106 524.419 673.876 -90 0 180 
63.4062 526.839 674.261 -90 0 180 
65.9481 529.351 674.646 -90 0 180 
68.4791 531.882 675.03 -90 0 180 
71.01 534.413 675.415 -90 0 180 
73.5146 536.959 675.799 -90 0 180 
75.9154 539.566 676.184 -90 0 180 
78.1728 542.255 676.568 -90 0 180 
80.2859 545.027 676.953 -90 0 180 
82.2545 547.883 677.337 -90 0 180 
84.0787 550.822 677.722 -90 0 180 
85.7585 553.845 678.106 -90 0 180 
87.2938 556.951 678.49 -90 0 180 
88.6848 560.14 678.874 -90 0 180 
89.9313 563.413 679.258 -90 0 180 
91.0335 566.769 679.642 -90 0 180 
92.0113 570.197 680.026 -90 0 180 
92.94 573.654 680.41 -90 0 180 
93.8664 577.111 680.794 -90 0 180 
94.7852 580.569 681.178 -90 0 180 
95.6274 584.026 681.562 -90 0 180 
96.3148 587.484 681.946 -90 0 180 
96.8354 590.941 682.33 -90 0 180 
97.1893 594.399 682.714 -90 0 180 
97.3764 597.857 683.098 -90 0 180 
97.3967 601.314 683.482 -90 0 180 
97.2503 604.772 683.866 -90 0 180 
96.9371 608.229 684.25 -90 0 180 
96.4572 611.687 684.635 -90 0 180 
95.8105 615.145 685.019 -90 0 180 
95.0018 618.602 685.403 -90 0 180 
94.0926 622.06 685.788 -90 0 180 
93.1661 625.518 686.173 -90 0 180 
92.2392 628.975 686.557 -90 0 180 
91.2811 632.414 686.942 -90 0 180 
90.2137 635.79 687.326 -90 0 180 
89.0023 639.083 687.71 -90 0 180 
87.6465 642.293 688.094 -90 0 180 
86.1463 645.419 688.478 -90 0 180 
84.5016 648.462 688.862 -90 0 180 
82.7125 651.421 689.246 -90 0 180 
80.779 654.297 689.63 -90 0 180 
78.701 657.09 690.014 -90 0 180 
76.4786 659.799 690.398 -90 0 180 
74.1119 662.425 690.781 -90 0 180 
71.6252 664.982 691.165 -90 0 180 
69.0954 667.514 691.549 -90 0 180 
66.5642 670.045 691.933 -90 0 180 
64.0279 672.568 692.317 -90 0 180 
61.4493 675.017 692.701 -90 0 180 
58.7919 677.329 693.084 -90 0 180 
56.0512 679.497 693.468 -90 0 180 
53.227 681.521 693.852 -90 0 180 
50.3195 683.4 694.235 -90 0 180 
47.3287 685.135 694.619 -90 0 180 
44.2544 686.725 695.003 -90 0 180 
41.0969 688.171 695.387 -90 0 180 
37.8559 689.473 695.771 -90 0 180 
34.5316 690.63 696.155 -90 0 180 
31.1273 691.648 696.539 -90 0 180 
27.6766 692.587 696.924 -90 0 180 
24.2191 693.513 697.308 -90 0 180 
20.7637 694.438 697.693 -90 0.000526 -180 
17.3866 695.259 698.083 -90 0.02242 -180 
14.2562 695.761 698.489 -90 0.111301 -180 
11.4366 695.861 698.918 -90 0.284515 -180 
8.9282 695.56 699.369 -90 0.542189 -180 
6.73108 694.858 699.843 -90 0.884323 -180 
4.84521 693.754 700.338 -90 1.31092 -180 
3.27058 692.247 700.856 -90 1.82197 -180 
2.00718 690.338 701.396 -90 2.41748 -180 
1.05504 688.027 701.957 -90 3.09746 -180 
0.414141 685.313 702.541 -90 3.86189 -180 
0.083627 682.198 703.145 -90 4.71054 -180 
0.001591 678.759 703.766 -90 5.62667 -180 
0 675.214 704.39 -90 6.56467 180 
0 671.668 705.015 -90 7.50312 180 
0 668.121 705.64 -90 8.44155 180 
0 664.575 706.264 -90 9.38 180 
0 661.029 706.889 -90 10.3184 180 
0 657.483 707.515 -90 11.2569 180 
0 653.937 708.14 -90 12.1953 180 
0 650.391 708.765 -90 13.1338 180 
0 646.846 709.39 -90 14.0722 180 
0 643.3 710.016 -90 15.0106 180 
0 639.754 710.641 -90 15.9491 180 
0 636.209 711.266 -90 16.8875 180 
0 632.663 711.892 -90 17.826 180 
0 629.118 712.517 -90 18.7644 180 
0 625.572 713.142 -90 19.7028 180 
0 622.027 713.768 -90 20.6413 180 
0 618.481 714.393 -90 21.5797 180 
0 614.936 715.019 -90 22.5182 180 
0 611.39 715.644 -90 23.4566 180 
0 607.845 716.27 -90 24.3951 180 
0 604.299 716.895 -90 25.3335 180 
0 600.754 717.521 -90 26.2719 180 
0 597.209 718.146 -90 27.2104 180 
0 593.663 718.772 -90 28.1488 180 
0 590.118 719.397 -90 29.0873 180 
0 586.573 720.023 -90 30.0257 180 
0 583.027 720.648 -90 30.9641 180 
0 579.482 721.274 -90 31.9026 180 
0 575.937 721.899 -90 32.841 180 
0 572.391 722.525 -90 33.7795 180 
0 568.846 723.151 -90 34.7179 180 
0 565.301 723.776 -90 35.6563 180 
0 561.755 724.402 -90 36.5948 180 
0 558.21 725.027 -90 37.5332 180 
0 554.665 725.653 -90 38.4717 180 
0 551.119 726.278 -90 39.4101 180 
0 547.574 726.904 -90 40.3485 180 
0 544.029 727.53 -90 41.287 180 
0 540.484 728.155 -90 42.2254 180 
0 536.939 728.781 -90 43.1637 180 
0 533.58 729.372 -90 44.0527 180 
0 531.164 729.796 -90 44.6921 180 
0 530.144 729.975 -90 44.9619 180 
0 530 730 -90 45 180 
0 530 730 -90 45 -180 
0 530 730 -90 45 -180 
0 530 730 -90 45 -180 
